20161125212400.760 54.347937 -117.245207 3.285 3.21
20161129101525.670 54.337606 -117.248543 3.265 3.20
20161125053125.250 54.344124 -117.248193 3.270 3.15
20161110030554.850 54.337760 -117.243392 3.268 2.82
20161129041247.910 54.340560 -117.248429 3.204 2.69
20161110030629.460 54.337720 -117.243368 3.235 2.51
20161128065337.920 54.343429 -117.248145 3.269 2.50
20161111112409.170 54.338261 -117.243343 3.241 2.44
20161111023345.600 54.337410 -117.243416 3.248 2.23
20161110095529.320 54.338350 -117.243408 3.243 2.02
20161127145251.080 54.346004 -117.245410 3.302 1.88
20161122100431.400 54.349463 -117.227539 3.327 1.87
20161121213944.800 54.338713 -117.243278 3.229 1.75
20161115132811.100 54.338643 -117.243278 3.224 1.69
20161122181824.960 54.349809 -117.227303 3.335 1.67
20161128153527.280 54.341349 -117.248437 3.215 1.60
20161111150658.250 54.337252 -117.243441 3.233 1.45
20161122131844.000 54.349666 -117.227507 3.326 1.43
20161128124723.150 54.341345 -117.248372 3.236 1.38
20161110142852.360 54.338428 -117.243311 3.229 1.36
20161122112106.380 54.349748 -117.227311 3.319 1.35
20161108042434.850 54.338098 -117.248560 3.256 1.28
20161127071613.740 54.345793 -117.245296 3.277 1.24
20161122115553.200 54.349727 -117.227417 3.328 1.22
20161110055923.720 54.337651 -117.243400 3.268 1.21
20161109133343.450 54.338623 -117.248503 3.258 1.13
20161111124536.460 54.338546 -117.248429 3.247 1.08
20161122094208.150 54.349296 -117.227572 3.320 1.05
20161127140748.080 54.338839 -117.243278 3.233 1.00
20161122095728.410 54.349231 -117.227629 3.322 0.99
20161130113122.010 54.352755 -117.225244 3.347 0.98
20161108085355.710 54.337756 -117.248576 3.262 0.93
20161123082307.680 54.349662 -117.227360 3.319 0.89
20161126224707.880 54.352547 -117.225203 3.327 0.89
20161122122845.350 54.349931 -117.227336 3.332 0.87
20161108131656.020 54.337581 -117.248543 3.237 0.86
20161109080900.140 54.337097 -117.248494 3.240 0.85
20161130174836.600 54.332841 -117.249007 3.206 0.83
20161123233803.400 54.352266 -117.225399 3.335 0.82
20161122172604.520 54.349801 -117.227547 3.330 0.80
20161123053630.990 54.352144 -117.225431 3.332 0.79
20161111075108.920 54.337207 -117.243433 3.223 0.78
20161114225250.620 54.334648 -117.249251 3.276 0.77
20161122170222.360 54.352193 -117.225472 3.338 0.76
20161123072346.210 54.350020 -117.225887 3.318 0.76
20161127022900.340 54.345732 -117.245288 3.278 0.74
20161107124958.150 54.338159 -117.248535 3.260 0.71
20161111204340.840 54.335563 -117.248869 3.273 0.71
20161122141605.480 54.350094 -117.227344 3.329 0.68
20161111031632.540 54.335905 -117.248739 3.273 0.67
20161124153705.230 54.349829 -117.227165 3.314 0.65
20161129164710.560 54.338875 -117.243254 3.231 0.63
20161107134506.900 54.338009 -117.248543 3.259 0.62
20161122210507.760 54.349890 -117.227214 3.314 0.62
20161122095100.880 54.349377 -117.227547 3.321 0.60
20161122105125.690 54.349792 -117.227246 3.316 0.59
20161122162235.440 54.351876 -117.225423 3.325 0.59
20161123133046.610 54.352490 -117.225326 3.342 0.59
20161123181714.420 54.350187 -117.227246 3.327 0.58
20161129055749.920 54.340568 -117.248397 3.257 0.58
20161110053424.890 54.338261 -117.243327 3.237 0.57
20161111135509.020 54.338151 -117.243343 3.210 0.57
20161123231319.160 54.349854 -117.227091 3.322 0.56
20161129040404.340 54.341463 -117.248307 3.192 0.56
20161107160909.690 54.337903 -117.248568 3.266 0.53
20161107205908.760 54.337907 -117.248527 3.290 0.53
20161128150212.190 54.341044 -117.248348 3.252 0.53
20161109022000.730 54.337390 -117.248608 3.266 0.52
20161123115530.520 54.352254 -117.225407 3.335 0.52
20161124204321.760 54.352563 -117.225269 3.332 0.52
20161112192015.560 54.335372 -117.248901 3.279 0.51
20161128080529.680 54.341516 -117.248283 3.244 0.50
20161110070628.420 54.337313 -117.243416 3.223 0.49
20161129013555.900 54.340869 -117.248356 3.251 0.49
20161129023235.210 54.341496 -117.248324 3.230 0.49
20161123123618.040 54.341475 -117.248348 3.248 0.48
20161114022425.140 54.338228 -117.248535 3.227 0.47
20161122100459.730 54.349854 -117.227295 3.319 0.47
20161124063732.060 54.352352 -117.226823 3.276 0.47
20161124153728.340 54.352283 -117.226896 3.273 0.46
20161123190445.600 54.341374 -117.248291 3.248 0.45
20161123054115.530 54.352470 -117.225448 3.348 0.44
20161129002023.160 54.340951 -117.248340 3.248 0.44
20161130195902.660 54.338334 -117.238957 3.205 0.44
20161126042630.020 54.345886 -117.245280 3.250 0.43
20161124173142.800 54.352482 -117.225228 3.328 0.42
20161111113517.030 54.338566 -117.243286 3.209 0.39
20161115133335.740 54.338741 -117.243319 3.247 0.39
20161122114139.910 54.349817 -117.227441 3.325 0.39
20161123054748.150 54.349992 -117.227197 3.326 0.39
20161130004322.510 54.341443 -117.234717 3.261 0.39
20161122082716.550 54.351933 -117.225431 3.323 0.37
20161127053859.540 54.352751 -117.225212 3.343 0.37
20161105190554.800 54.345699 -117.239372 3.410 0.36
20161128103144.820 54.341471 -117.248307 3.212 0.36
20161129062934.130 54.341614 -117.248315 3.242 0.36
20161122124507.380 54.350094 -117.227222 3.324 0.34
20161122234914.200 54.350073 -117.225993 3.329 0.34
20161110095951.670 54.338436 -117.243294 3.237 0.33
20161123162734.300 54.349972 -117.227368 3.328 0.33
20161124114121.020 54.352332 -117.225269 3.319 0.33
20161125033151.580 54.350688 -117.225578 3.310 0.33
20161103103924.780 54.347583 -117.241040 3.327 0.32
20161127174203.560 54.345789 -117.245296 3.250 0.32
20161122054155.950 54.351835 -117.225496 3.324 0.31
20161109225452.840 54.335767 -117.248804 3.271 0.30
20161110045219.450 54.335628 -117.248836 3.283 0.30
20161122100004.490 54.349422 -117.227572 3.323 0.30
20161130204220.240 54.338216 -117.239079 3.218 0.30
20161122094116.900 54.349227 -117.227629 3.321 0.28
20161122201745.100 54.349540 -117.227173 3.305 0.28
20161105142204.470 54.345406 -117.239551 3.376 0.27
20161107190210.440 54.338070 -117.248568 3.276 0.27
20161109043008.840 54.337288 -117.248617 3.268 0.27
20161122104310.510 54.349792 -117.227360 3.320 0.27
20161124041925.220 54.352466 -117.225326 3.327 0.27
20161125103647.080 54.352401 -117.226864 3.269 0.27
20161125220631.120 54.352368 -117.225309 3.326 0.27
20161129232719.840 54.341504 -117.234725 3.263 0.27
20161103092313.360 54.347485 -117.241203 3.332 0.26
20161106081818.870 54.346871 -117.238354 3.437 0.26
20161122133402.620 54.345549 -117.239437 3.389 0.26
20161120174830.760 54.338611 -117.243270 3.212 0.25
20161122025658.740 54.351876 -117.225456 3.324 0.25
20161122193258.200 54.352177 -117.225480 3.339 0.25
20161125022842.720 54.352661 -117.225236 3.332 0.25
20161129024743.160 54.340743 -117.248372 3.254 0.25
20161105170516.800 54.345634 -117.239396 3.342 0.24
20161128152950.020 54.341471 -117.248340 3.195 0.24
20161128232614.640 54.337602 -117.248478 3.241 0.24
20161129043634.690 54.340405 -117.248397 3.258 0.24
20161130192340.520 54.338420 -117.238875 3.218 0.24
20161130212808.740 54.338269 -117.239006 3.223 0.24
20161110090639.470 54.337260 -117.243416 3.230 0.23
20161123031300.690 54.350033 -117.225895 3.322 0.23
20161126165253.470 54.346611 -117.245215 3.284 0.23
20161128090833.480 54.341439 -117.248307 3.223 0.23
20161130061618.220 54.341423 -117.234709 3.265 0.23
20161130231829.880 54.338078 -117.239054 3.216 0.23
20161103090235.220 54.347428 -117.241235 3.330 0.22
20161111114204.210 54.338481 -117.243302 3.205 0.22
20161125080959.220 54.349805 -117.225659 3.315 0.22
20161108213326.040 54.337496 -117.248633 3.273 0.21
20161122110314.520 54.349740 -117.227271 3.319 0.21
20161122142501.650 54.345658 -117.239388 3.385 0.21
20161110031035.200 54.336894 -117.248665 3.258 0.20
20161127070559.240 54.352828 -117.225203 3.335 0.20
20161128100152.720 54.341260 -117.248348 3.252 0.20
20161105210657.920 54.345638 -117.239388 3.377 0.19
20161122120956.630 54.349923 -117.227393 3.331 0.19
20161122125832.460 54.349894 -117.227498 3.332 0.19
20161122131122.230 54.345650 -117.239347 3.382 0.19
20161123142910.200 54.349719 -117.226929 3.314 0.19
20161130000822.780 54.341541 -117.234619 3.265 0.19
20161130190244.000 54.338220 -117.239054 3.220 0.19
20161103091323.390 54.347457 -117.241178 3.325 0.18
20161105210656.120 54.345284 -117.239551 3.377 0.18
20161122153038.120 54.343404 -117.237207 3.274 0.18
20161122220343.640 54.349862 -117.227002 3.305 0.18
20161123123120.370 54.350146 -117.225781 3.320 0.18
20161126090252.320 54.352307 -117.226888 3.272 0.18
20161122200055.560 54.352266 -117.225472 3.340 0.17
20161128070436.590 54.341545 -117.248291 3.210 0.17
20161128223548.560 54.341073 -117.248340 3.257 0.17
20161130184305.740 54.338525 -117.238867 3.243 0.17
20161130222325.340 54.338245 -117.238973 3.216 0.17
20161105181519.980 54.345422 -117.239535 3.381 0.16
20161110234432.560 54.335706 -117.248820 3.281 0.16
20161128013854.830 54.341626 -117.248283 3.249 0.16
20161129222818.920 54.341504 -117.234757 3.260 0.16
20161130121422.320 54.341439 -117.234668 3.273 0.16
20161130194507.580 54.338371 -117.238949 3.211 0.16
20161105213639.960 54.346330 -117.238859 3.410 0.15
20161129162829.850 54.341614 -117.248315 3.232 0.15
20161106004251.060 54.346440 -117.238713 3.441 0.14
20161110143528.270 54.338318 -117.243278 3.219 0.14
20161121232019.320 54.338822 -117.243205 3.229 0.14
20161124030727.390 54.351388 -117.224984 3.303 0.14
20161127192431.760 54.343331 -117.248161 3.275 0.14
20161129123135.980 54.331999 -117.249300 3.205 0.14
20161130202045.220 54.338302 -117.238932 3.200 0.14
20161130215417.720 54.338228 -117.239095 3.219 0.14
20161130224708.240 54.338094 -117.239168 3.214 0.14
20161127105310.170 54.343294 -117.248055 3.271 0.13
20161129040204.270 54.341166 -117.248332 3.228 0.13
20161130112405.080 54.341418 -117.234741 3.255 0.13
20161103093736.270 54.347583 -117.241081 3.324 0.12
20161103100858.620 54.347579 -117.241048 3.327 0.12
20161105165232.000 54.345654 -117.239372 3.389 0.12
20161110093430.320 54.335929 -117.248787 3.281 0.12
20161122135417.350 54.345780 -117.239250 3.388 0.12
20161122155830.700 54.345679 -117.239307 3.388 0.12
20161122171549.980 54.345597 -117.239404 3.375 0.12
20161130191429.200 54.338338 -117.238997 3.213 0.12
20161101014855.150 54.348523 -117.243441 3.272 0.11
20161129090645.280 54.340234 -117.248405 3.251 0.11
20161130235036.120 54.338387 -117.238940 3.201 0.11
20161103095905.070 54.347640 -117.241024 3.322 0.10
20161123005237.000 54.350049 -117.225871 3.319 0.10
20161123041248.800 54.349874 -117.225887 3.314 0.10
20161105174947.600 54.345658 -117.239347 3.382 0.09
20161112171011.400 54.333785 -117.248950 3.278 0.09
20161119043353.720 54.338729 -117.243270 3.211 0.09
20161122092550.070 54.349227 -117.227661 3.319 0.09
20161123080243.390 54.352482 -117.225350 3.336 0.09
20161123172550.640 54.352437 -117.225212 3.326 0.09
20161123194545.800 54.349662 -117.227002 3.322 0.09
20161103113425.270 54.347632 -117.241032 3.324 0.08
20161106023359.070 54.346672 -117.238534 3.442 0.08
20161107112627.310 54.338037 -117.248535 3.263 0.08
20161122112111.190 54.345561 -117.234220 3.234 0.08
20161105145728.010 54.345667 -117.239355 3.384 0.07
20161122110303.780 54.351860 -117.225431 3.330 0.07
20161125002430.640 54.349740 -117.226912 3.300 0.07
20161130193138.840 54.338314 -117.238957 3.206 0.07
20161101033751.790 54.348376 -117.243620 3.263 0.06
20161107110551.530 54.338070 -117.248519 3.261 0.06
20161122213052.760 54.352226 -117.225439 3.340 0.06
20161129104654.440 54.333000 -117.248958 3.213 0.06
20161106044609.820 54.346830 -117.238346 3.349 0.05
20161110103906.120 54.338464 -117.243286 3.239 0.05
20161122050253.390 54.349255 -117.234855 3.308 0.05
20161128151047.400 54.341284 -117.248381 3.187 0.05
20161105161550.920 54.345540 -117.239478 3.387 0.04
20161111091023.760 54.337158 -117.243441 3.224 0.04
20161113060754.000 54.335193 -117.248861 3.278 0.04
20161122043948.240 54.346391 -117.238745 3.420 0.04
20161122125019.270 54.348104 -117.236825 3.426 0.04
20161127020128.430 54.345723 -117.245329 3.275 0.04
20161128004222.370 54.343237 -117.248096 3.233 0.04
20161128045908.970 54.341536 -117.248299 3.209 0.04
20161103084525.280 54.347420 -117.241211 3.325 0.03
20161106025958.650 54.346741 -117.238477 3.450 0.03
20161123002249.700 54.352153 -117.225382 3.328 0.03
20161123023135.080 54.352201 -117.226912 3.271 0.03
20161127042324.690 54.345671 -117.245321 3.268 0.03
20161128101159.780 54.341532 -117.248283 3.180 0.03
20161110094624.840 54.335474 -117.248853 3.281 0.02
20161110222605.960 54.337781 -117.248519 3.245 0.02
20161121232043.560 54.351847 -117.225513 3.323 0.02
20161122131303.530 54.351847 -117.225431 3.320 0.02
20161125045326.380 54.344718 -117.247949 3.251 0.02
20161130183127.880 54.341309 -117.234741 3.269 0.02
20161105195356.440 54.345622 -117.239299 3.361 0.01
20161108172656.100 54.338505 -117.248519 3.254 0.01
20161122041646.330 54.346720 -117.238493 3.422 0.01
20161123130253.500 54.349849 -117.226986 3.329 0.01
20161129035338.530 54.340828 -117.240243 3.020 0.01
20161101180516.600 54.346871 -117.245776 3.218 0.00
20161108054435.090 54.337895 -117.248560 3.260 0.00
20161122091356.950 54.350122 -117.227165 3.321 0.00
20161122113105.380 54.349988 -117.227344 3.324 0.00
20161127213349.060 54.343140 -117.248145 3.234 0.00
20161130193811.200 54.338180 -117.239103 3.211 0.00
