0.00 3.2000 1.5900 2.2650 79.0 36.0
0.06 3.2198 1.6015 2.2650 79.0 36.0
0.12 3.2397 1.6130 2.2650 79.0 36.0
0.18 3.2595 1.6245 2.2650 79.0 36.0
0.24 3.2793 1.6360 2.2650 79.0 36.0
0.30 3.2991 1.6475 2.2650 79.0 36.0
0.36 3.3189 1.6590 2.2650 79.0 36.0
0.42 3.3388 1.6705 2.2650 79.0 36.0
0.48 3.3586 1.6820 2.2650 79.0 36.0
0.54 3.3784 1.6935 2.2650 79.0 36.0
0.60 3.3982 1.7050 2.2650 79.0 36.0
0.66 3.4181 1.7165 2.2650 79.0 36.0
0.72 3.4379 1.7280 2.2650 79.0 36.0
0.78 3.4577 1.7395 2.2650 79.0 36.0
0.84 3.4775 1.7510 2.3620 131.0 58.0
0.90 3.4973 1.7625 2.3620 131.0 58.0
0.96 3.5172 1.7740 2.3620 131.0 58.0
1.02 3.5370 1.7855 2.3620 131.0 58.0
1.08 3.5568 1.7970 2.3620 131.0 58.0
1.14 3.5766 1.8084 2.3620 131.0 58.0
1.20 3.5964 1.8199 2.3620 131.0 58.0
1.26 3.6163 1.8315 2.3620 131.0 58.0
1.32 3.6361 1.8429 2.3620 131.0 58.0
1.38 3.6559 1.8544 2.3620 131.0 58.0
1.44 3.6757 1.8659 2.3620 131.0 58.0
1.50 3.6956 1.8774 2.3620 131.0 58.0
1.56 3.7154 1.8889 2.3620 131.0 58.0
1.62 3.7352 1.9004 2.3620 131.0 58.0
1.68 3.7550 1.9119 2.3620 131.0 58.0
1.74 3.7748 1.9234 2.3620 131.0 58.0
1.80 3.7947 1.9349 2.3620 131.0 58.0
1.86 3.8145 1.9464 2.3620 131.0 58.0
1.92 3.8343 1.9579 2.3620 131.0 58.0
1.98 3.8541 1.9694 2.3620 131.0 58.0
2.04 3.8740 1.9809 2.3620 131.0 58.0
2.10 3.8938 1.9924 2.3620 131.0 58.0
2.16 4.3213 2.3727 2.3620 131.0 58.0
2.22 4.4619 2.4932 2.3620 131.0 58.0
2.28 4.5052 2.5256 2.3620 131.0 58.0
2.34 4.5423 2.5522 2.3620 131.0 58.0
2.40 4.5794 2.5789 2.3620 131.0 58.0
2.46 4.6239 2.6136 2.3620 131.0 58.0
2.52 4.7840 2.7712 2.3620 131.0 58.0
2.58 5.2858 3.2924 2.3620 131.0 58.0
2.64 5.3014 3.2959 2.3620 131.0 58.0
2.70 5.3170 3.2994 2.3620 131.0 58.0
2.76 5.3326 3.3029 2.3620 131.0 58.0
2.82 5.3482 3.3064 2.3620 131.0 58.0
2.88 5.3638 3.3098 2.3620 131.0 58.0
2.94 5.3794 3.3133 2.3620 131.0 58.0
3.00 5.3950 3.3168 2.3620 131.0 58.0
3.06 5.4106 3.3203 2.3620 131.0 58.0
3.12 5.4262 3.3238 2.3620 131.0 58.0
3.18 5.4418 3.3272 2.3620 131.0 58.0
3.24 5.4574 3.3307 2.3620 131.0 58.0
3.30 5.4730 3.3342 2.3620 131.0 58.0
3.36 5.4886 3.3377 2.3620 131.0 58.0
3.42 5.5042 3.3412 2.3620 131.0 58.0
3.48 5.5198 3.3446 2.3620 131.0 58.0
3.54 5.5354 3.3481 2.6420 209.0 93.0
3.60 5.5510 3.3516 2.6420 209.0 93.0
3.66 5.5666 3.3551 2.6420 209.0 93.0
3.72 5.5822 3.3586 2.6420 209.0 93.0
3.78 5.5978 3.3620 2.6420 209.0 93.0
3.84 5.6134 3.3655 2.6420 209.0 93.0
3.90 5.6290 3.3690 2.6420 209.0 93.0
4.70 5.8370 3.4154 2.7850 262.0 116.0
6.50 6.1030 3.5711 2.7850 262.0 116.0
7.50 6.3020 3.6860 2.7850 262.0 116.0
10.00 6.4530 3.7520 2.8210 524.0 233.0